loss = 40
[[ 0.00000000e+00 , 2.43306324e-01 , 5.44725572e-01 , 6.70639053e-01]
 [ 0.00000000e+00 ,-9.19349538e-26 , 5.65158541e-01 , 8.10412930e-01]
 [ 0.00000000e+00 , 1.08083713e+00 , 1.09648667e+00 , 1.01526543e+00]]

control =  [[ 1.21653162  3.20256826  1.37844042]
 [ 5.40418564  0.07824769 -0.40610617]]






True:
loss = 38
x_m =  [[0.00000000e+00 1.88412886e-01 4.56426036e-01 4.56426036e-01]
 [0.00000000e+00 1.88079096e-37 3.17207287e-01 3.17207287e-01]
 [3.52648305e-37 8.69261870e-01 8.04872102e-01 8.04872102e-01]]

u0 =  [[ 9.42064431e-01  2.07636407e+00 -1.72721296e-38]
 [ 4.34630935e+00 -3.21948841e-01  0.00000000e+00]]

